.	SRR094978	SRR094979	SRR094980	SRR094981	SRR095680	SRR095681	SRR095682	SRR095683	SRR095684	SRR095685	SRR095686	SRR095687	SRR095688	SRR095689	SRR095690	SRR095691	SRR095692	SRR095693	SRR095694	SRR095695	SRR095696	SRR095697	SRR095698	SRR095699	SRR095700	SRR095701	SRR095702	SRR095703	SRR095704	SRR095705	SRR095706	SRR095707	SRR095708	SRR095709	SRR095710	SRR095711	SRR095712	SRR095713	SRR095714	SRR095715	SRR095716	SRR095717	SRR095718	SRR095719	SRR095720	SRR095721	SRR095722	SRR095723	SRR095724	SRR095725	SRR095726	SRR095727	SRR095728	SRR095729	SRR095730	SRR095731	SRR095732	SRR095733	SRR095734	SRR095735	SRR095736	SRR095737	SRR095738	SRR095739	SRR095740	SRR095741	SRR095742	SRR095743	SRR095744	SRR095745	SRR095746	SRR095747	SRR095748	SRR095749	SRR095750	SRR095751	SRR095752	SRR095753	SRR095754	SRR095755	SRR095756	SRR095757	SRR095758	SRR095759	SRR095760	SRR095761	SRR095762	SRR095763	SRR095764	SRR095765	SRR095766	SRR095767	SRR095768	SRR095769	SRR095770	SRR095771	SRR095772	SRR095773	SRR095774	SRR095775	SRR095776	SRR095777	SRR095778	SRR095779	SRR095780	SRR095781	SRR095782	SRR095783	SRR095784	SRR095785	SRR095786	SRR095787	SRR095788	SRR095789	SRR095790	SRR095791	SRR095792	SRR095793	SRR095794	SRR095795	SRR095796	SRR095797	SRR095798	SRR095799	SRR095800	SRR095801	SRR095802	SRR095803	SRR095804	SRR095805	SRR095806	SRR095807	SRR095808	SRR095809	SRR095810	SRR095811	SRR095812	SRR095813	SRR095814	SRR095815	SRR095816	SRR095817	SRR095818	SRR095819	SRR095820	SRR095821	SRR095822	SRR095823	SRR095824	SRR095825	SRR095826	SRR095827	SRR095828	SRR095829	SRR095830	SRR095831	SRR095832	SRR095833	SRR095834	SRR095835	SRR095836	SRR095837	SRR095838	SRR095839	SRR095840	SRR095841	SRR095842	SRR095843	SRR095844	SRR095845	SRR095846	SRR095847	SRR095848	SRR095849	SRR095850	SRR095851	SRR095852
SRR094978	0	0.425522	1.20639	0.763638	1.25511	1.14938	1.07564	0.906992	0.729329	0.821667	0.709973	0.859789	1.23874	0.94913	1.25431	0.642626	0.665509	1.17422	0.742238	1.05991	0.8973	0.91146	0.991064	0.660623	1.0488	0.694472	1.12352	0.993748	1.03653	1.07989	1.34181	1.12592	0.934618	0.905291	1.10915	0.714171	0.993666	1.05069	0.630341	0.861987	1.09937	0.629778	1.20108	1.17123	1.3785	0.729778	1.05599	0.630341	0.994443	0.928355	1.21387	0.969352	0.675064	1.23674	1.27325	0.793014	1.01648	1.15587	0.755558	0.659889	1.2361	0.655116	1.02384	0.968786	0.653391	0.81743	0.636069	1.22688	0.822931	0.841183	0.743529	1.04718	0.695753	1.31156	0.946962	1.37142	0.862079	1.27956	0.639498	1.03343	0.613635	0.888703	0.630996	0.918234	0.759642	1.07895	0.653133	1.30487	0.983417	1.25831	0.950132	1.39747	1.15687	0.701521	1.2429	0.596822	1.03784	0.70628	1.03436	0.885233	1.23495	1.1276	1.08842	1.37053	1.20191	0.976859	1.05016	1.20333	0.711458	0.659055	1.31216	1.09805	1.30405	0.75017	1.12294	0.621114	1.16565	1.01468	0.938029	0.636337	1.17877	0.850548	1.1914	0.867979	1.33487	1.0788	1.17722	1.23448	1.00187	1.11321	1.36411	0.735369	1.3908	0.695563	1.31654	0.681662	1.36019	1.31579	1.16477	1.28781	0.749019	1.05069	0.861987	0.81346	0.692313	1.29909	0.62648	1.01788	0.603702	1.0394	0.889799	0.744393	0.765973	1.18047	0.787792	0.838449	1.30159	1.01321	1.15027	0.920786	0.882467	1.01389	0.865055	1.10047	0.638221	1.0027	0.719781	1.17405	0.825739	0.788602	0.772053	0.710799	1.31808	1.06645	1.12295	0.981343	0.977644
SRR094979	0.425522	0	1.22406	0.713477	1.26313	1.17053	1.0687	0.887323	0.71543	0.840559	0.700042	0.817128	1.24911	0.927153	1.25526	0.68267	0.630193	1.19419	0.74023	1.06587	0.911001	0.906903	1.0218	0.688144	1.0558	0.659682	1.14941	1.02139	1.06655	1.09493	1.34774	1.12556	0.914142	0.911609	1.12931	0.741687	1.02339	1.03154	0.65531	0.868059	1.11158	0.599173	1.20441	1.17238	1.38322	0.660397	1.07673	0.645964	0.969549	0.938543	1.23464	0.970656	0.692609	1.25085	1.28223	0.724583	1.01585	1.17254	0.734731	0.706162	1.25229	0.681278	1.04489	0.995375	0.65853	0.84644	0.605064	1.23047	0.816317	0.825124	0.74189	1.04862	0.6663	1.32149	0.934147	1.37502	0.781796	1.27938	0.648542	1.0351	0.613911	0.914799	0.660834	0.898358	0.756815	1.1151	0.673799	1.31155	0.954173	1.25713	0.952517	1.39364	1.18806	0.71878	1.26484	0.603926	1.04404	0.697223	1.03957	0.901158	1.24538	1.13893	1.10762	1.37613	1.22758	0.990057	1.07577	1.21616	0.734374	0.613628	1.32244	1.06691	1.31149	0.666317	1.14829	0.619051	1.18357	0.964187	0.938388	0.673721	1.18279	0.836023	1.19943	0.830267	1.33779	1.06868	1.17028	1.24017	1.01904	1.11694	1.36822	0.731103	1.39378	0.697586	1.32791	0.677638	1.36344	1.3189	1.1674	1.29773	0.759885	1.03154	0.868059	0.823301	0.663981	1.30411	0.645418	1.01524	0.613625	1.03157	0.878367	0.715121	0.68843	1.20322	0.752995	0.848539	1.30821	0.999795	1.15897	0.941373	0.884246	1.0078	0.825726	1.12074	0.641901	1.04454	0.718204	1.18522	0.7943	0.806129	0.792715	0.674372	1.3216	1.0811	1.12562	1.00111	0.981473
SRR094980	1.20639	1.22406	0	1.17206	1.05528	1.02552	1.06466	1.19615	1.20385	1.14552	1.18563	1.21341	1.06067	1.16152	1.0542	1.20538	1.22412	1.05901	1.17813	1.11173	1.14394	1.16577	1.10797	1.18519	1.09421	1.20325	1.08973	1.11257	1.08464	1.07856	1.19963	1.06733	1.17654	1.14999	1.11666	1.18709	1.10339	1.18506	1.2163	1.185	1.06836	1.20465	1.08682	1.11151	1.32895	1.22438	1.11963	1.22297	1.18977	1.15963	1.1006	1.13323	1.19092	1.10278	1.12507	1.23221	1.14073	1.10742	1.21267	1.18377	1.10663	1.1819	1.11672	1.09085	1.2022	1.1346	1.20601	1.08798	1.19813	1.19093	1.20829	1.11301	1.20516	1.13786	1.17933	1.30991	1.25873	1.16865	1.18493	1.10649	1.20647	1.12429	1.20191	1.17953	1.19422	1.08204	1.19874	1.13128	1.20998	1.09589	1.11529	1.40747	1.06754	1.18219	1.09356	1.18712	1.09693	1.18328	1.09649	1.14574	1.06733	1.10009	1.07426	1.33858	1.13659	1.1334	1.07571	1.09365	1.16344	1.23889	1.19199	1.23764	1.15021	1.23805	1.11351	1.21079	1.07993	1.24509	1.12263	1.19497	1.10134	1.18952	1.07227	1.21358	1.2135	1.18558	1.13649	1.09845	1.11202	1.14503	1.24467	1.19398	1.35484	1.18402	1.21825	1.18261	1.27244	1.20294	1.08425	1.11734	1.16998	1.18506	1.185	1.16592	1.20292	1.12827	1.22621	1.10419	1.18776	1.14269	1.18601	1.2159	1.26813	1.04689	1.20845	1.14174	1.09387	1.13521	1.08832	1.13338	1.15999	1.16886	1.22974	1.0572	1.19481	1.09348	1.17443	1.13709	1.2133	1.16447	1.17405	1.21717	1.15583	1.06889	1.07639	1.13141	1.13664
SRR094981	0.763638	0.713477	1.17206	0	1.24488	1.1607	1.00858	0.81212	0.718598	0.824703	0.680749	0.698007	1.24192	0.8033	1.23661	0.7411	0.729491	1.20832	0.655742	1.03094	0.892568	0.866248	1.06072	0.767279	1.04465	0.597252	1.17085	1.03424	1.08023	1.07582	1.34524	1.10632	0.762439	0.81424	1.17054	0.805626	1.02532	0.900064	0.814449	0.829167	1.1078	0.572107	1.2007	1.15118	1.3822	0.539499	1.12256	0.813694	0.858179	0.917163	1.24582	0.899116	0.732151	1.24907	1.26735	0.542242	0.923608	1.171	0.597112	0.741903	1.24437	0.657664	1.03921	0.985017	0.685956	0.797913	0.648173	1.2352	0.844094	0.810701	0.780421	1.01813	0.606074	1.32805	0.890448	1.37552	0.634002	1.27485	0.680575	0.965888	0.681003	0.84827	0.779282	0.813025	0.766019	1.12776	0.700075	1.31138	0.831146	1.23868	0.891502	1.3884	1.19554	0.680142	1.27872	0.651583	0.992727	0.603419	0.980127	0.875058	1.25173	1.14899	1.08248	1.37383	1.24679	0.947324	1.05394	1.2056	0.683045	0.742902	1.32182	0.944419	1.30811	0.58276	1.16096	0.693647	1.15769	0.78902	0.843682	0.781826	1.18568	0.785625	1.17567	0.658435	1.33711	1.03149	1.14489	1.22601	1.01079	1.07001	1.36855	0.731563	1.39444	0.662432	1.33332	0.659818	1.36436	1.31229	1.16683	1.30232	0.746724	0.900064	0.829167	0.812893	0.671373	1.30178	0.822924	0.975828	0.655607	0.968551	0.8425	0.767766	0.7619	1.20847	0.568181	0.814031	1.30379	0.974366	1.12795	0.898909	0.817463	0.977674	0.829031	1.10388	0.617254	1.04806	0.583146	1.20441	0.743341	0.761222	0.784723	0.662173	1.31522	1.06106	1.10992	1.01966	0.944087
SRR095680	1.25511	1.26313	1.05528	1.24488	0	1.01305	1.07905	1.22741	1.24452	1.18747	1.23058	1.24474	1.01663	1.2136	1.03877	1.2599	1.26894	1.04299	1.22821	1.14408	1.19125	1.21441	1.17274	1.24512	1.1145	1.24306	1.12203	1.17328	1.13288	1.12231	1.17503	1.10284	1.23262	1.22758	1.14029	1.24047	1.15405	1.2494	1.26386	1.25382	1.0943	1.25116	1.08754	1.12747	1.32085	1.26323	1.16659	1.26946	1.23366	1.2269	1.11455	1.21036	1.24912	1.11847	1.11199	1.26894	1.19013	1.16918	1.26702	1.24343	1.08851	1.24472	1.14608	1.14292	1.25593	1.19613	1.2486	1.07732	1.2396	1.23102	1.25461	1.13585	1.24546	1.10978	1.2094	1.29157	1.29193	1.1573	1.23993	1.1457	1.25576	1.19048	1.25363	1.22692	1.24492	1.11922	1.24941	1.06406	1.25299	1.08212	1.17888	1.40847	1.11337	1.24722	1.11157	1.24195	1.13392	1.24263	1.1537	1.22078	1.06674	1.14515	1.12784	1.35025	1.16909	1.20966	1.13723	1.09593	1.23111	1.28137	1.1926	1.27202	1.13734	1.279	1.13826	1.2596	1.13104	1.27926	1.15914	1.24391	1.1235	1.24029	1.12166	1.25829	1.16888	1.22662	1.14705	1.10869	1.17708	1.20997	1.21439	1.23714	1.34445	1.24283	1.21112	1.23236	1.24227	1.18433	1.09361	1.07642	1.22254	1.2494	1.25382	1.20154	1.24183	1.07954	1.26838	1.13778	1.24347	1.18631	1.22739	1.25662	1.30075	1.09627	1.24919	1.19665	1.05879	1.16975	1.10579	1.18256	1.21295	1.22307	1.25767	1.09494	1.24877	1.14197	1.23468	1.15258	1.2503	1.2187	1.2266	1.26223	1.11142	1.15764	1.13147	1.18921	1.21327
SRR095681	1.14938	1.17053	1.02552	1.1607	1.01305	0	0.924615	1.12899	1.14949	1.03132	1.11643	1.17442	1.03432	1.13118	1.08837	1.15946	1.17901	0.939907	1.11556	1.03307	1.04707	1.10058	0.996594	1.13065	0.993222	1.14913	0.97251	1.02843	0.956937	0.999464	1.23827	1.04936	1.14452	1.12385	0.97879	1.12655	0.985364	1.18771	1.159	1.16396	1.00777	1.15944	1.05971	1.10766	1.33586	1.19034	0.997781	1.17144	1.15998	1.1179	1.01216	1.10164	1.14475	1.07417	1.15468	1.21059	1.10938	1.09579	1.20609	1.12411	1.11185	1.13945	1.00441	0.957622	1.15549	1.04722	1.14329	1.06795	1.13785	1.12719	1.16184	1.03404	1.15175	1.12663	1.10195	1.3201	1.26361	1.21317	1.13251	1.06812	1.15425	1.05056	1.14201	1.1326	1.14657	0.958007	1.14315	1.15433	1.20854	1.13763	1.05988	1.40853	1.01865	1.14259	1.05656	1.13031	1.04398	1.14722	1.06364	1.11065	1.06927	1.05057	1.02551	1.35597	1.04221	1.0936	0.998404	1.10563	1.12091	1.20377	1.21588	1.26246	1.19403	1.22043	1.00953	1.16443	1.07209	1.25575	1.02521	1.12306	1.01504	1.14394	1.11735	1.20076	1.24656	1.20185	1.15588	1.094	1.01827	1.1639	1.26644	1.12538	1.35374	1.13847	1.21688	1.11984	1.29118	1.23951	1.06384	1.13712	1.10495	1.18771	1.16396	1.06618	1.14222	1.15189	1.16731	1.03011	1.13546	1.08399	1.1218	1.16404	1.24699	1.04776	1.17711	1.05566	1.14363	1.05329	1.02339	1.02601	1.09077	1.12491	1.18234	1.0044	1.15159	0.936458	1.12744	1.00647	1.16506	1.08077	1.0913	1.17461	1.1983	1.02108	1.04355	1.03274	1.0995
SRR095682	1.07564	1.0687	1.06466	1.00858	1.07905	0.924615	0	1.00314	1.00784	0.969452	0.982806	0.982195	1.10355	0.915904	1.02812	1.08785	1.08885	1.05354	0.977796	0.934582	0.981271	0.947978	1.02258	1.04695	0.941263	1.01474	1.05106	0.949616	1.02056	0.994716	1.27327	0.927719	1.00925	0.986894	1.02212	1.0228	1.00295	1.04544	1.10758	1.05626	0.988496	1.03548	1.05554	1.05099	1.35743	1.0602	1.02396	1.10637	1.00732	1.00485	1.14702	0.9402	1.04616	1.13762	1.18743	1.06729	0.971639	1.08051	1.0475	1.07414	1.17538	1.03735	1.01258	0.961301	1.07221	1.02376	1.0354	1.07042	1.01675	1.02159	1.04448	0.942849	1.02111	1.21632	0.929491	1.33757	1.08445	1.12607	1.02037	0.947853	1.06021	1.00616	1.09639	1.00064	1.01821	1.06754	1.05355	1.19936	1.00479	1.0493	0.952353	1.40256	1.14463	1.0433	1.1857	1.0375	0.956488	1.01173	0.961297	0.990393	1.12767	1.02395	1.01267	1.35812	1.1749	0.974524	1.00568	1.14546	1.01226	1.10386	1.26763	1.05573	1.23116	1.08667	1.05527	1.06273	1.09082	1.05497	0.90542	1.08071	1.04222	0.997781	1.094	1.043	1.25918	1.01209	0.975172	1.09028	0.990796	1.03295	1.30337	1.0044	1.37742	1.02074	1.27696	0.998709	1.30853	1.23295	0.96982	1.1927	0.984843	1.04544	1.05626	0.986871	1.0046	1.18618	1.10731	0.914025	1.03581	0.951292	1.02425	1.04045	1.12507	1.09705	1.03228	0.985144	1.18593	0.85444	1.01693	0.978714	0.955302	0.989366	1.05557	1.02913	1.03022	1.01768	0.991116	1.07736	1.02533	1.03812	1.06471	1.05575	1.22413	0.975504	0.943487	1.01616	0.952207
SRR095683	0.906992	0.887323	1.19615	0.81212	1.22741	1.12899	1.00314	0	0.4943	0.750323	0.759363	0.683428	1.21838	0.82795	1.2243	0.923335	0.928351	1.13178	0.68772	0.900792	0.723692	0.695639	0.964574	0.848398	0.935372	0.713529	1.0997	0.956498	1.01945	1.02125	1.3317	1.06169	0.65076	0.773661	1.06736	0.824049	0.925306	0.707159	0.957151	0.795902	1.04798	0.820081	1.12654	1.09441	1.37952	0.826663	1.03469	0.971983	0.674695	0.847321	1.20703	0.846982	0.852433	1.20913	1.24764	0.816512	0.82096	1.14016	0.771943	0.921804	1.2291	0.828604	0.978227	0.887801	0.909963	0.858902	0.836545	1.16043	0.752187	0.681775	0.780551	0.870435	0.750059	1.28846	0.773555	1.36667	0.789182	1.26038	0.788832	0.843809	0.860944	0.798135	0.964079	0.635808	0.756134	1.08976	0.903004	1.28087	0.771551	1.20705	0.800091	1.38576	1.17346	0.859248	1.23782	0.8423	0.944826	0.788349	0.881287	0.833406	1.20973	1.09459	1.03415	1.37359	1.20741	0.919252	1.00241	1.16159	0.782659	0.956581	1.29312	0.775086	1.28331	0.811605	1.09736	0.870894	1.10713	0.663461	0.745946	0.945941	1.10972	0.719821	1.08886	0.673153	1.3169	0.981265	1.08895	1.19058	0.933379	1.02116	1.35174	0.764205	1.38851	0.818036	1.3079	0.747864	1.3546	1.29533	1.1287	1.26308	0.729602	0.707159	0.795902	0.639445	0.700119	1.25579	0.964098	0.88189	0.848232	0.80957	0.716538	0.823243	0.955472	1.16372	0.726286	0.745651	1.27899	0.896677	1.05844	0.779764	0.709085	0.716377	0.711892	1.07127	0.844145	1.02795	0.794296	1.11387	0.730554	0.836908	0.891106	0.870069	1.2868	0.970228	1.03234	0.920922	0.846528
SRR095684	0.729329	0.71543	1.20385	0.718598	1.24452	1.14949	1.00784	0.4943	0	0.769795	0.659515	0.696295	1.23499	0.830654	1.22923	0.772614	0.77503	1.15985	0.631428	0.977503	0.802492	0.764609	0.99101	0.712558	0.975266	0.604154	1.11782	0.95035	1.03299	1.04353	1.33968	1.06817	0.760265	0.787711	1.08876	0.711078	0.956235	0.852775	0.791901	0.762824	1.0739	0.66685	1.15142	1.10373	1.384	0.710507	1.05669	0.808466	0.815244	0.849224	1.22512	0.87369	0.72097	1.22947	1.26329	0.72804	0.902637	1.13776	0.678667	0.788761	1.243	0.686672	1.00111	0.923215	0.771158	0.834005	0.677225	1.18558	0.715693	0.711803	0.686378	0.937881	0.632012	1.30653	0.80282	1.37184	0.756562	1.26343	0.656424	0.915143	0.688694	0.84489	0.809965	0.733312	0.66565	1.10367	0.749581	1.2959	0.820598	1.22042	0.856989	1.3903	1.18805	0.724528	1.2582	0.687507	0.981209	0.68953	0.944158	0.814416	1.23044	1.1025	1.06158	1.37279	1.22211	0.914252	1.02753	1.19117	0.686725	0.774018	1.30917	0.90323	1.2971	0.702746	1.11845	0.701459	1.14066	0.78752	0.825816	0.800169	1.1403	0.722251	1.1304	0.691879	1.32547	0.989569	1.11075	1.21493	0.967973	1.04495	1.36028	0.671995	1.39346	0.692324	1.32208	0.638814	1.35892	1.30376	1.13264	1.2796	0.664105	0.852775	0.762824	0.676226	0.588095	1.27498	0.794782	0.940493	0.694572	0.900957	0.768127	0.72552	0.798573	1.17903	0.687198	0.774531	1.29209	0.916596	1.10107	0.834663	0.73938	0.840963	0.734603	1.09251	0.687035	1.02978	0.695726	1.13633	0.683271	0.798404	0.830274	0.740792	1.30269	1.01041	1.05809	0.943765	0.875578
SRR095685	0.821667	0.840559	1.14552	0.824703	1.18747	1.03132	0.969452	0.750323	0.769795	0	0.477015	0.600533	1.15624	0.820784	1.19558	0.838313	0.863588	1.02954	0.628664	0.870218	0.652836	0.711077	0.844711	0.768869	0.881821	0.708245	1.00184	0.880657	0.908715	0.95933	1.31504	1.0445	0.750337	0.764435	1.00335	0.763401	0.81071	0.861527	0.85471	0.844098	0.98868	0.772243	1.11569	1.10822	1.36653	0.820177	0.950219	0.884965	0.798206	0.823824	1.11708	0.813547	0.788438	1.16213	1.22106	0.842201	0.847998	1.09814	0.769011	0.776224	1.17237	0.751414	0.884991	0.818761	0.772931	0.645836	0.778456	1.13388	0.734916	0.700812	0.770076	0.876665	0.722294	1.23569	0.715171	1.35128	0.845912	1.23868	0.687526	0.883519	0.799194	0.64875	0.816858	0.729755	0.761515	0.96873	0.7859	1.25742	0.846586	1.20401	0.771658	1.3953	1.07484	0.766224	1.1677	0.727701	0.898642	0.739031	0.884551	0.800292	1.17877	1.07023	0.978371	1.36736	1.11672	0.866579	0.906288	1.11782	0.686583	0.893034	1.27632	0.943931	1.26656	0.871677	1.00459	0.806204	1.04254	0.870581	0.684817	0.778298	1.0779	0.777539	1.07533	0.785299	1.30619	1.00623	1.0965	1.15235	0.830459	1.0274	1.33756	0.721704	1.38082	0.76918	1.27262	0.65838	1.33946	1.28403	1.0922	1.23325	0.647392	0.861527	0.844098	0.645767	0.734196	1.2525	0.869768	0.855345	0.730068	0.840962	0.752264	0.816446	0.969386	1.07806	0.711884	0.603971	1.24986	0.854475	1.02206	0.665605	0.688981	0.795389	0.831216	0.978358	0.748537	0.877228	0.741123	1.04294	0.77152	0.64937	0.697074	0.780019	1.27859	0.939847	1.02474	0.862291	0.862122
SRR095686	0.709973	0.700042	1.18563	0.680749	1.23058	1.11643	0.982806	0.759363	0.659515	0.477015	0	0.505042	1.21069	0.796866	1.21109	0.73593	0.740989	1.12196	0.531702	0.963316	0.773534	0.749452	0.954874	0.673683	0.947795	0.565538	1.08148	0.920658	1.00263	1.02171	1.33487	1.05556	0.752179	0.765012	1.07517	0.687642	0.922189	0.895475	0.768099	0.801185	1.05369	0.612419	1.15622	1.12276	1.37953	0.658465	1.03562	0.779239	0.830463	0.842296	1.19619	0.829485	0.675357	1.21623	1.2534	0.689058	0.894347	1.12619	0.62505	0.710156	1.22117	0.62966	0.972024	0.909449	0.661559	0.712921	0.63474	1.17633	0.690978	0.685772	0.669436	0.939349	0.577247	1.2823	0.751313	1.3666	0.702872	1.2455	0.565767	0.935913	0.666705	0.763897	0.741825	0.746607	0.675477	1.07079	0.670969	1.29117	0.825581	1.21693	0.840029	1.39108	1.15852	0.656445	1.24058	0.598125	0.951126	0.604545	0.945352	0.806107	1.22483	1.10063	1.04258	1.37087	1.20097	0.88384	0.989419	1.1732	0.61277	0.74386	1.30821	0.946725	1.2942	0.71458	1.08955	0.672191	1.11284	0.823323	0.765926	0.714106	1.13608	0.720669	1.12755	0.706882	1.32329	0.999627	1.11122	1.19669	0.927773	1.04707	1.35607	0.628887	1.39218	0.646518	1.30907	0.544257	1.35344	1.29859	1.11402	1.27143	0.593613	0.895475	0.801185	0.705098	0.603416	1.28144	0.768714	0.919091	0.598539	0.903745	0.763057	0.6978	0.811863	1.14105	0.597247	0.683847	1.28134	0.874298	1.09121	0.791826	0.709151	0.867704	0.782825	1.04973	0.599367	0.976463	0.61594	1.11193	0.684104	0.66573	0.699216	0.635212	1.3032	1.00874	1.05934	0.942529	0.882285
SRR095687	0.859789	0.817128	1.21341	0.698007	1.24474	1.17442	0.982195	0.683428	0.696295	0.600533	0.505042	0	1.23159	0.700531	1.21531	0.876708	0.87035	1.16928	0.630509	0.912513	0.771111	0.700319	1.01615	0.811311	0.958349	0.638657	1.13205	0.957697	1.07891	1.04929	1.34199	1.06009	0.65431	0.729298	1.12232	0.801708	0.975577	0.765069	0.930108	0.815518	1.06525	0.720835	1.15881	1.10569	1.38677	0.70155	1.08301	0.926808	0.703595	0.834274	1.24945	0.818744	0.795815	1.23938	1.25894	0.689551	0.818486	1.14303	0.605088	0.872055	1.24743	0.764494	1.00924	0.95301	0.816136	0.819408	0.777774	1.17079	0.722076	0.678465	0.727552	0.907966	0.643084	1.30068	0.677076	1.37193	0.588695	1.24224	0.695355	0.895535	0.814453	0.793309	0.911762	0.664553	0.724664	1.1448	0.825176	1.29943	0.674189	1.20622	0.816683	1.38041	1.22214	0.785714	1.28543	0.755796	0.939398	0.688537	0.888483	0.804668	1.24112	1.11648	1.05819	1.37442	1.2628	0.907984	1.02418	1.18289	0.697423	0.878692	1.31811	0.763671	1.30029	0.733106	1.131	0.808186	1.11914	0.636638	0.731461	0.893457	1.15008	0.718207	1.10784	0.612335	1.32407	0.923028	1.0669	1.19453	0.950502	0.992222	1.3601	0.719193	1.39735	0.757028	1.32386	0.656828	1.35961	1.29721	1.11629	1.28291	0.671779	0.765069	0.815518	0.729053	0.671133	1.28118	0.930321	0.885572	0.756218	0.840493	0.761173	0.779978	0.863973	1.1774	0.566272	0.726944	1.28799	0.852328	1.08908	0.825975	0.707537	0.773416	0.729251	1.08377	0.743303	1.08223	0.711752	1.14827	0.671714	0.810242	0.861418	0.762004	1.30176	1.01307	1.04608	0.998058	0.87481
SRR095688	1.23874	1.24911	1.06067	1.24192	1.01663	1.03432	1.10355	1.21838	1.23499	1.15624	1.21069	1.23159	0	1.14069	1.0009	1.24355	1.25519	1.04446	1.21696	1.10523	1.15182	1.18316	1.12911	1.21973	1.09669	1.2306	1.09519	1.14548	1.08898	1.08801	1.18842	1.08658	1.2152	1.2065	1.11907	1.22243	1.11482	1.23286	1.24735	1.23431	1.06823	1.23351	1.08093	1.1267	1.3209	1.24717	1.12028	1.24923	1.21235	1.19805	1.05242	1.16354	1.22256	1.09246	1.11777	1.25611	1.15822	1.13552	1.25352	1.22637	1.09687	1.22806	1.12888	1.11866	1.23895	1.16715	1.23812	1.08271	1.22003	1.21002	1.23644	1.12601	1.23558	1.09038	1.17828	1.29831	1.28498	1.16386	1.21742	1.12886	1.24238	1.16539	1.23692	1.18963	1.2101	1.09337	1.23487	1.09014	1.24154	1.09719	1.13019	1.40831	1.07062	1.21734	1.09441	1.22085	1.09276	1.21794	1.11272	1.17886	1.05027	1.11819	1.09139	1.35125	1.08435	1.15151	1.10228	1.09674	1.21236	1.26796	1.18597	1.26398	1.15572	1.27284	1.09546	1.24231	1.10185	1.26933	1.13966	1.22858	1.10746	1.22115	1.11278	1.24613	1.18282	1.2122	1.13802	1.09554	1.14454	1.19582	1.22169	1.21454	1.34521	1.22631	1.21437	1.21969	1.2507	1.19469	1.07313	1.091	1.19604	1.23286	1.23431	1.18763	1.23407	1.10382	1.25523	1.10824	1.22233	1.1458	1.19325	1.23023	1.28621	1.07698	1.23287	1.14935	1.04854	1.11307	1.1046	1.16239	1.19949	1.19962	1.24427	1.07306	1.23261	1.11247	1.21945	1.10825	1.2231	1.19436	1.2034	1.24759	1.13509	1.14237	1.12705	1.14156	1.17411
SRR095689	0.94913	0.927153	1.16152	0.8033	1.2136	1.13118	0.915904	0.82795	0.830654	0.820784	0.796866	0.700531	1.14069	0	1.1186	0.957042	0.960231	1.16775	0.799825	0.846348	0.805557	0.742169	0.997213	0.905618	0.961043	0.805983	1.10309	0.898998	1.0465	1.01127	1.32321	1.01681	0.792585	0.757207	1.08773	0.864988	0.955871	0.844831	1.00445	0.882214	1.02228	0.83978	1.12733	1.05833	1.37719	0.83078	1.03915	0.990704	0.79733	0.812381	1.19893	0.748242	0.879371	1.19294	1.22492	0.826609	0.79646	1.07818	0.775392	0.95863	1.23028	0.872256	1.00633	0.924035	0.932645	0.885308	0.896083	1.15673	0.853303	0.842621	0.856387	0.914103	0.821642	1.27561	0.708086	1.36475	0.807805	1.2117	0.845239	0.87929	0.921409	0.849862	0.991206	0.760448	0.805998	1.11014	0.922958	1.27355	0.689743	1.1652	0.785008	1.38737	1.1774	0.856126	1.26341	0.883986	0.904735	0.799262	0.830341	0.756824	1.19786	1.05771	1.00112	1.36253	1.19076	0.830424	0.974651	1.17224	0.813929	0.965454	1.29187	0.812111	1.27737	0.867975	1.07893	0.903587	1.07359	0.782593	0.774731	0.980171	1.11854	0.824851	1.09084	0.789773	1.30422	0.842334	1.0101	1.15534	0.938109	0.913731	1.34157	0.829527	1.39182	0.859437	1.31125	0.822371	1.34582	1.27227	1.05752	1.26025	0.789159	0.844831	0.882214	0.842458	0.832601	1.25683	1.00964	0.876244	0.878428	0.824898	0.851948	0.876686	0.943098	1.1519	0.769092	0.802924	1.24527	0.801604	1.07093	0.871561	0.798573	0.823268	0.87512	1.05491	0.864396	1.0526	0.807619	1.11898	0.790382	0.924191	0.964828	0.89849	1.28419	0.969882	1.01676	0.967381	0.814999
SRR095690	1.25431	1.25526	1.0542	1.23661	1.03877	1.08837	1.02812	1.2243	1.22923	1.19558	1.21109	1.21531	1.0009	1.1186	0	1.25882	1.26293	1.09401	1.212	1.09668	1.18624	1.16915	1.18431	1.23391	1.11008	1.23096	1.13952	1.13719	1.15416	1.12383	1.17459	0.991124	1.21944	1.19964	1.1504	1.22367	1.16903	1.22992	1.26805	1.23483	1.08707	1.23848	1.0767	1.09193	1.31464	1.24641	1.16815	1.26372	1.21417	1.19564	1.13662	1.14139	1.23289	1.12654	1.12199	1.24924	1.16764	1.12688	1.2436	1.25374	1.11708	1.2367	1.17587	1.16517	1.24949	1.21678	1.24362	1.07214	1.21935	1.22145	1.23311	1.12787	1.23535	1.12402	1.16406	1.29603	1.2633	0.990043	1.22695	1.13052	1.25095	1.2084	1.26357	1.19693	1.20922	1.16208	1.24708	1.09249	1.2164	0.918345	1.15554	1.4078	1.1382	1.22822	1.15196	1.23615	1.10991	1.21233	1.1253	1.18021	1.06685	1.11264	1.12313	1.34686	1.17619	1.13725	1.14252	1.11589	1.22288	1.26952	1.21596	1.23466	1.14377	1.26536	1.14175	1.24977	1.13101	1.24779	1.155	1.2583	1.13374	1.20758	1.09218	1.22765	1.1721	1.16753	1.02046	1.04433	1.18054	1.16428	1.22588	1.21714	1.35726	1.23247	1.24007	1.22515	1.2426	1.16516	0.96683	1.0992	1.20072	1.22992	1.23483	1.21331	1.22916	1.08919	1.271	1.11914	1.23518	1.15703	1.21164	1.22882	1.27539	1.08224	1.22844	1.1876	1.04705	1.07787	1.08884	1.20017	1.19771	1.19835	1.23387	1.10367	1.23761	1.18747	1.217	1.1554	1.21777	1.23204	1.24447	1.24993	1.12875	1.15247	1.10005	1.18886	1.15438
SRR095691	0.642626	0.68267	1.20538	0.7411	1.2599	1.15946	1.08785	0.923335	0.772614	0.838313	0.73593	0.876708	1.24355	0.957042	1.25882	0	0.367187	1.17854	0.738935	1.08342	0.93462	0.947401	1.04417	0.756375	1.07356	0.7396	1.14934	1.03508	1.05777	1.09745	1.34484	1.13778	0.943385	0.920449	1.14586	0.793788	0.998533	1.03083	0.677016	0.841238	1.11824	0.670978	1.21236	1.18588	1.37755	0.725806	1.09544	0.721358	1.01311	0.967247	1.21893	0.976413	0.72673	1.24637	1.27365	0.792651	1.02679	1.16841	0.772798	0.604246	1.22786	0.64907	1.02671	0.98679	0.605973	0.777203	0.655258	1.2444	0.890518	0.900499	0.82756	1.06385	0.718678	1.31819	0.985849	1.37189	0.864193	1.28624	0.698352	1.03764	0.62654	0.866626	0.623944	0.952818	0.822903	1.05515	0.574327	1.30414	0.97775	1.25879	0.968741	1.39786	1.15678	0.68963	1.24847	0.621708	1.04046	0.703447	1.05763	0.923301	1.24647	1.15	1.10055	1.37148	1.21331	0.987071	1.05283	1.20179	0.699362	0.68065	1.31843	1.10947	1.30723	0.781433	1.1222	0.615336	1.16816	1.00814	0.921336	0.612738	1.19597	0.875011	1.19332	0.872071	1.33746	1.09828	1.18798	1.24663	1.02917	1.13388	1.36607	0.76716	1.39121	0.695041	1.31876	0.703592	1.36184	1.31903	1.17353	1.29457	0.784826	1.03083	0.841238	0.844575	0.738913	1.30423	0.701729	1.03811	0.636371	1.06934	0.939978	0.828568	0.850643	1.17904	0.779757	0.858824	1.3068	1.03369	1.15211	0.915157	0.878344	1.06675	0.948045	1.10233	0.627268	1.00406	0.696517	1.1857	0.859822	0.752337	0.733994	0.677613	1.323	1.08702	1.14048	1.03223	1.0222
SRR095692	0.665509	0.630193	1.22412	0.729491	1.26894	1.17901	1.08885	0.928351	0.77503	0.863588	0.740989	0.87035	1.25519	0.960231	1.26293	0.367187	0	1.19722	0.759954	1.09981	0.956022	0.957784	1.0718	0.765804	1.0839	0.734591	1.17332	1.0598	1.08118	1.11275	1.35152	1.14294	0.951606	0.946328	1.16401	0.815449	1.02729	1.03252	0.658515	0.857273	1.13343	0.659107	1.21852	1.19274	1.38294	0.696992	1.11557	0.696048	1.01659	0.990799	1.23865	0.994501	0.742307	1.26097	1.28604	0.768318	1.04301	1.1885	0.79017	0.643404	1.24676	0.681722	1.05156	1.01942	0.616829	0.818962	0.626242	1.25142	0.896113	0.902233	0.834846	1.07628	0.716582	1.32902	0.991482	1.37575	0.835367	1.28976	0.708694	1.0521	0.615863	0.905345	0.626575	0.955822	0.824304	1.09322	0.591264	1.31228	0.978366	1.26286	0.983951	1.39605	1.18769	0.711965	1.26971	0.623593	1.05725	0.72128	1.07381	0.94908	1.25937	1.16414	1.12101	1.37764	1.23495	1.00703	1.08184	1.22037	0.736687	0.615627	1.32955	1.10543	1.31725	0.739642	1.14948	0.610323	1.19028	0.993924	0.942697	0.628199	1.20349	0.875964	1.20886	0.868789	1.34177	1.10063	1.19101	1.25655	1.04918	1.14795	1.37105	0.771403	1.39481	0.706264	1.33225	0.717556	1.36535	1.32449	1.18128	1.3053	0.805763	1.03252	0.857273	0.867289	0.732976	1.31207	0.676464	1.04929	0.647045	1.07415	0.939565	0.804618	0.792724	1.20417	0.78858	0.877741	1.31529	1.03183	1.16809	0.943079	0.893937	1.07775	0.928233	1.12625	0.637426	1.03765	0.718293	1.19858	0.85007	0.773587	0.751043	0.64599	1.32856	1.1076	1.1487	1.04809	1.03534
SRR095693	1.17422	1.19419	1.05901	1.20832	1.04299	0.939907	1.05354	1.13178	1.15985	1.02954	1.12196	1.16928	1.04446	1.16775	1.09401	1.17854	1.19722	0	1.08805	1.03279	1.0608	1.11158	1.04092	1.16064	0.96849	1.15308	0.997794	1.06568	1.01483	1.02454	1.22265	1.05742	1.16514	1.15554	1.00409	1.1499	1.00215	1.19449	1.17346	1.18136	1.00039	1.18468	1.05651	1.10702	1.33466	1.20701	1.05201	1.19569	1.16397	1.13689	1.04008	1.13332	1.16599	1.08663	1.15125	1.22411	1.12314	1.11544	1.2045	1.14035	1.09301	1.15328	1.01881	0.98982	1.16044	1.04936	1.16097	1.03619	1.14724	1.13268	1.17282	1.01726	1.16148	1.11761	1.12322	1.30822	1.25186	1.19174	1.1463	1.0516	1.16912	1.04114	1.15527	1.15427	1.17278	0.994296	1.16755	1.13009	1.20912	1.12227	1.08282	1.40839	1.02816	1.16294	1.04345	1.15037	1.05772	1.17011	1.08904	1.14176	1.04912	1.06414	1.04698	1.35729	1.07097	1.12462	0.993955	1.07558	1.13029	1.20996	1.19602	1.24204	1.17292	1.21884	1.03111	1.18167	1.05836	1.2396	1.04075	1.14118	1.0505	1.16529	1.06778	1.18978	1.22612	1.1955	1.15163	1.08855	1.06022	1.16725	1.25497	1.1514	1.34943	1.16906	1.19702	1.11707	1.27313	1.22032	1.05385	1.09691	1.11534	1.19449	1.18136	1.07904	1.15564	1.12526	1.18281	1.05569	1.16001	1.1047	1.14151	1.18734	1.26213	1.01565	1.17195	1.08299	1.13147	1.10316	1.00723	1.04477	1.10865	1.12116	1.18809	0.976469	1.15979	0.998258	1.15592	1.0275	1.17701	1.0947	1.10754	1.18636	1.17196	1.05285	1.06359	1.0918	1.14095
SRR095694	0.742238	0.74023	1.17813	0.655742	1.22821	1.11556	0.977796	0.68772	0.631428	0.628664	0.531702	0.630509	1.21696	0.799825	1.212	0.738935	0.759954	1.08805	0	0.945168	0.752158	0.729065	0.981604	0.736724	0.935836	0.520034	1.09711	0.939025	1.02207	1.03389	1.33411	1.0642	0.735957	0.768597	1.06923	0.694069	0.908184	0.86574	0.791378	0.799253	1.04999	0.627645	1.15209	1.1173	1.37718	0.661237	1.03678	0.821525	0.799665	0.832043	1.2038	0.807191	0.691048	1.21611	1.24835	0.677232	0.881564	1.12552	0.599674	0.68597	1.20464	0.587986	0.949019	0.865361	0.652063	0.670155	0.612708	1.18271	0.728497	0.702134	0.705793	0.925654	0.567213	1.29601	0.795775	1.36666	0.70352	1.24226	0.605045	0.899935	0.648692	0.717758	0.756129	0.75422	0.72284	1.04617	0.675471	1.28861	0.81244	1.20831	0.828243	1.39024	1.14576	0.647379	1.2383	0.625048	0.947987	0.56896	0.935722	0.81217	1.21806	1.09313	1.03969	1.36933	1.20251	0.865563	0.953206	1.16381	0.583074	0.766697	1.30364	0.912721	1.2842	0.674488	1.09007	0.688638	1.10387	0.755604	0.734569	0.728735	1.13959	0.711549	1.11751	0.66631	1.32203	0.999686	1.10571	1.19664	0.940392	1.03874	1.35776	0.647961	1.39168	0.646591	1.3008	0.495417	1.35381	1.295	1.11521	1.27091	0.609577	0.86574	0.799253	0.675992	0.593807	1.27713	0.798275	0.927262	0.637528	0.90768	0.77406	0.74302	0.862221	1.13822	0.585403	0.716124	1.28603	0.912147	1.07321	0.764798	0.683391	0.862713	0.786948	1.03395	0.583857	0.95961	0.550186	1.12442	0.712628	0.647511	0.691983	0.647675	1.30301	1.01285	1.0612	0.959288	0.884511
SRR095695	1.05991	1.06587	1.11173	1.03094	1.14408	1.03307	0.934582	0.900792	0.977503	0.870218	0.963316	0.912513	1.10523	0.846348	1.09668	1.08342	1.09981	1.03279	0.945168	0	0.680143	0.686185	0.881676	1.009	0.883954	0.971494	0.957233	0.84594	0.941028	0.938919	1.27383	0.980907	0.879741	0.871571	0.954118	0.985663	0.906298	0.927095	1.10144	0.991929	0.935904	1.023	1.06106	1.04379	1.35065	1.03826	0.97386	1.10643	0.889191	0.906171	1.07684	0.836444	1.02095	1.10788	1.17767	1.02998	0.843786	1.05754	0.990674	1.06323	1.16481	1.02072	0.939077	0.845601	1.06319	0.935024	1.03828	1.0718	0.945987	0.919541	0.987996	0.865275	0.99613	1.17525	0.81388	1.3341	1.03687	1.14021	0.993186	0.843071	1.05617	0.880288	1.0901	0.846672	0.941079	1.01873	1.06608	1.20323	0.907175	1.10005	0.802551	1.39675	1.06108	1.01191	1.14056	1.02291	0.889825	0.986485	0.835157	0.884749	1.11464	1.0174	0.944965	1.35427	1.1175	0.919311	0.890486	1.09962	0.962482	1.11532	1.22638	0.934894	1.22227	1.05498	0.94281	1.05674	1.00173	0.951849	0.772148	1.06955	1.03089	0.943733	1.01503	0.933732	1.26305	0.922711	0.971813	1.00846	0.885565	0.928342	1.2864	0.938676	1.36696	1.0036	1.25088	0.980973	1.31634	1.24543	1.0241	1.16939	0.895266	0.927095	0.991929	0.888263	0.989393	1.19017	1.10164	0.839918	1.01989	0.816717	0.922979	1.01945	1.12909	1.04844	0.953801	0.871693	1.19355	0.853037	0.907416	0.857401	0.882864	0.817975	0.951615	0.975335	1.02678	0.979829	0.998589	1.01249	0.951501	0.987635	1.02743	1.06124	1.22589	0.889238	0.95535	0.896561	0.842953
SRR095696	0.8973	0.911001	1.14394	0.892568	1.19125	1.04707	0.981271	0.723692	0.802492	0.652836	0.773534	0.771111	1.15182	0.805557	1.18624	0.93462	0.956022	1.0608	0.752158	0.680143	0	0.410379	0.823413	0.838652	0.882043	0.78664	1.00132	0.865007	0.912261	0.954008	1.31128	1.03904	0.747809	0.757534	1.0006	0.824105	0.837665	0.824586	0.950169	0.858576	0.967144	0.859587	1.09755	1.08572	1.36517	0.894067	0.946065	0.964974	0.770111	0.812783	1.10202	0.768322	0.858091	1.15062	1.2175	0.909764	0.814882	1.08608	0.847807	0.895439	1.18295	0.857799	0.908374	0.797311	0.901895	0.767855	0.866055	1.12826	0.791582	0.753656	0.838819	0.856666	0.821472	1.22991	0.699072	1.35222	0.921779	1.23732	0.811985	0.83717	0.885609	0.710253	0.931689	0.674335	0.757333	1.00132	0.905396	1.25117	0.827875	1.19218	0.739447	1.39543	1.06901	0.839175	1.16379	0.833701	0.890341	0.819642	0.846405	0.769899	1.16654	1.0549	0.958096	1.36608	1.11537	0.867419	0.913174	1.11722	0.773715	0.976904	1.26169	0.892329	1.26061	0.921102	0.999375	0.895506	1.03508	0.841769	0.709657	0.901554	1.04876	0.789803	1.0465	0.797877	1.30457	0.979918	1.07964	1.14047	0.817685	0.980879	1.32251	0.735096	1.37736	0.829027	1.27826	0.799838	1.34046	1.28273	1.09458	1.21835	0.687541	0.824586	0.858576	0.670608	0.80443	1.24424	0.950666	0.838803	0.841811	0.78245	0.751725	0.869695	1.02031	1.08835	0.806735	0.668696	1.24833	0.865402	1.003	0.675077	0.701758	0.711338	0.810879	0.992791	0.856033	0.898931	0.829516	1.03452	0.796437	0.786353	0.834561	0.900929	1.26266	0.881121	0.984403	0.802925	0.787299
SRR095697	0.91146	0.906903	1.16577	0.866248	1.21441	1.10058	0.947978	0.695639	0.764609	0.711077	0.749452	0.700319	1.18316	0.742169	1.16915	0.947401	0.957784	1.11158	0.729065	0.686185	0.410379	0	0.891189	0.842733	0.900247	0.757708	1.03906	0.860875	0.982283	0.98737	1.32157	1.01027	0.708646	0.704599	1.03114	0.814256	0.895806	0.786696	0.974874	0.831874	0.992182	0.846497	1.10603	1.07047	1.37401	0.867327	0.988054	0.976912	0.735219	0.776515	1.15955	0.716306	0.853677	1.1795	1.23294	0.873114	0.804182	1.08463	0.802817	0.932453	1.21713	0.853926	0.953296	0.840739	0.916632	0.84275	0.858441	1.13705	0.76249	0.744123	0.811558	0.860437	0.796978	1.25419	0.639334	1.36085	0.866102	1.2152	0.809696	0.843603	0.887802	0.762771	0.964139	0.642933	0.721933	1.07055	0.91452	1.26768	0.747653	1.16574	0.75004	1.3932	1.13829	0.843632	1.21876	0.843286	0.909176	0.795811	0.841201	0.738029	1.1904	1.05152	0.992041	1.36645	1.17703	0.846675	0.953031	1.15067	0.776016	0.96635	1.28095	0.812875	1.27386	0.883983	1.04339	0.891027	1.06286	0.759909	0.715958	0.939543	1.06895	0.747265	1.05035	0.743511	1.31033	0.933691	1.04543	1.14943	0.862351	0.953284	1.33143	0.721574	1.38572	0.820945	1.30077	0.788171	1.34696	1.28259	1.07811	1.23969	0.670855	0.786696	0.831874	0.706217	0.776342	1.25345	0.96601	0.841558	0.846764	0.766419	0.751408	0.841913	0.985412	1.11867	0.781841	0.715379	1.26154	0.828593	1.01888	0.731279	0.661911	0.674998	0.762798	1.03242	0.846351	0.98809	0.812437	1.05944	0.753234	0.851203	0.900329	0.890712	1.27319	0.90212	0.962822	0.866262	0.750617
SRR095698	0.991064	1.0218	1.10797	1.06072	1.17274	0.996594	1.02258	0.964574	0.99101	0.844711	0.954874	1.01615	1.12911	0.997213	1.18431	1.04417	1.0718	1.04092	0.981604	0.881676	0.823413	0.891189	0	0.826455	0.926539	0.988561	0.912883	0.846486	0.804608	0.901315	1.28117	1.02365	0.957308	0.924796	0.919671	0.952213	0.845622	1.02052	1.03766	0.989926	0.963418	1.0008	1.08783	1.10184	1.35132	1.05636	0.851755	1.02743	0.971907	0.915898	1.02969	0.908932	0.967641	1.08736	1.19369	1.08191	0.938029	1.05394	1.04737	1.01127	1.16527	0.997548	0.914321	0.831269	1.0391	0.899957	1.02119	1.12132	0.956892	0.93421	0.983662	0.937735	1.00748	1.19649	0.940847	1.34061	1.13128	1.22969	0.954939	0.950058	1.02312	0.836546	1.01083	0.913507	0.946299	0.956237	1.03775	1.23094	1.05366	1.19815	0.842538	1.40442	0.992301	0.985069	1.08633	0.976887	0.947173	0.983618	0.899588	0.86594	1.12071	1.02613	0.935109	1.3555	1.01531	0.928476	0.888475	1.10731	0.956583	1.08392	1.22705	1.11138	1.23864	1.09195	0.957972	1.03392	0.999244	1.10837	0.877333	1.01054	1.00474	0.95949	1.06351	1.0283	1.2854	1.04894	1.10384	1.10399	0.825908	1.02443	1.30945	0.958871	1.36419	0.983451	1.24522	0.985914	1.32833	1.27928	1.10004	1.19643	0.915725	1.02052	0.989926	0.904526	1.00389	1.23058	1.04128	0.866995	0.952454	0.889817	0.908788	0.990514	1.11685	1.07218	1.03198	0.801928	1.20467	0.897374	1.031	0.867036	0.93642	0.891904	1.00304	0.982417	1.01767	0.814659	0.981091	0.941918	0.981061	0.918517	0.944542	1.03605	1.24612	0.869649	0.97955	0.7734	0.855758
SRR095699	0.660623	0.688144	1.18519	0.767279	1.24512	1.13065	1.04695	0.848398	0.712558	0.768869	0.673683	0.811311	1.21973	0.905618	1.23391	0.756375	0.765804	1.16064	0.736724	1.009	0.838652	0.842733	0.826455	0	1.00363	0.681639	1.08078	0.936881	0.980376	1.02851	1.33155	1.07845	0.842683	0.817927	1.07934	0.706404	0.964807	0.965883	0.723144	0.793838	1.06469	0.651536	1.16451	1.13251	1.37765	0.749816	1.01087	0.697496	0.911489	0.868806	1.18339	0.897939	0.657248	1.20547	1.25736	0.789508	0.948626	1.11988	0.747144	0.738396	1.23366	0.676497	1.00022	0.942709	0.737805	0.825573	0.689883	1.19772	0.759637	0.782793	0.703946	1.00341	0.706614	1.29718	0.885336	1.3678	0.866372	1.26969	0.645611	0.988307	0.689332	0.843311	0.704556	0.816566	0.67835	1.07571	0.732351	1.29524	0.923738	1.24004	0.877727	1.39542	1.13616	0.695907	1.22435	0.641981	0.993916	0.697665	0.965654	0.800606	1.2223	1.10484	1.04645	1.36792	1.16738	0.920339	1.01563	1.18648	0.71181	0.726903	1.30202	1.03716	1.2986	0.78865	1.10289	0.696141	1.13034	0.944275	0.892949	0.723999	1.13543	0.770586	1.15534	0.812876	1.32536	1.03841	1.1448	1.20776	0.94803	1.06967	1.35673	0.69053	1.38908	0.693409	1.31507	0.708869	1.35618	1.30841	1.14605	1.2744	0.69744	0.965883	0.793838	0.805009	0.72419	1.29257	0.713265	0.955545	0.612728	0.952365	0.797887	0.701617	0.776161	1.16778	0.79233	0.742167	1.28217	0.935022	1.12087	0.874376	0.823933	0.93522	0.81438	1.0754	0.685398	0.956753	0.701338	1.1135	0.748903	0.75224	0.756452	0.714972	1.30338	1.01093	1.07424	0.895792	0.893292
SRR095700	1.0488	1.0558	1.09421	1.04465	1.1145	0.993222	0.941263	0.935372	0.975266	0.881821	0.947795	0.958349	1.09669	0.961043	1.11008	1.07356	1.0839	0.96849	0.935836	0.883954	0.882043	0.900247	0.926539	1.00363	0	0.919899	0.933442	0.866524	0.902472	0.895726	1.25622	0.947914	0.940079	0.934329	0.933213	0.972654	0.920746	1.00087	1.07686	1.02093	0.900577	1.00647	1.02325	1.05046	1.35686	1.0464	0.991884	1.08733	0.962852	0.969048	1.07849	0.928751	1.00938	1.09933	1.17259	1.04875	0.918296	1.06223	1.02711	1.05039	1.15842	1.01839	0.981622	0.89845	1.04702	0.950598	1.02322	1.03776	0.967484	0.952771	1.00354	0.869023	0.993271	1.1718	0.89872	1.33278	1.07603	1.19701	0.985426	0.877006	1.03362	0.909977	1.06057	0.928464	0.979009	1.01894	1.04482	1.18902	0.998421	1.12303	0.886205	1.40175	1.08168	1.0268	1.1268	1.00995	0.908482	0.994401	0.926329	0.955333	1.09735	1.01013	0.974649	1.35828	1.10804	0.962664	0.911241	1.10867	0.981708	1.08831	1.23636	1.03792	1.20884	1.0527	0.975023	1.04002	1.01508	1.01834	0.800643	1.04029	1.03054	0.987976	1.06603	1.00903	1.26134	1.05524	1.07011	1.11811	0.965273	1.06622	1.28782	0.984964	1.37254	1.01039	1.25886	0.971206	1.30277	1.2353	1.01652	1.14863	0.921719	1.00087	1.02093	0.911053	0.979318	1.17282	1.07787	0.856382	1.00883	0.886965	0.946872	1.01172	1.12018	1.05134	1.00003	0.896254	1.16895	0.881884	0.994012	0.911384	0.927124	0.938648	1.0123	0.964998	1.01451	0.992726	1.00471	1.00816	0.993345	0.972751	1.00492	1.0366	1.21238	0.957324	0.987502	0.956993	0.945057
